1 1 -0.0007 -0.0004 100.0 518.67 641.82 1589.70 1400.60  
1 2 0.0019 -0.0003 100.0 518.67 642.15 1591.82 1403.14 
1 3 -0.0043 0.0003 100.0 518.67 642.35 1587.99 1404.20 
1 4 0.0007 0.0000 100.0 518.67 642.35 1582.79 1401.87 1
1 5 -0.0019 -0.0002 100.0 518.67 642.37 1582.85 1406.22
1 6 -0.0043 -0.0001 100.0 518.67 642.10 1584.47 1398.37
1 7 0.0010 0.0001 100.0 518.67 642.48 1592.32 1397.77 1
1 8 -0.0034 0.0003 100.0 518.67 642.56 1582.96 1400.97 
1 9 0.0008 0.0001 100.0 518.67 642.12 1590.98 1394.80 1
1 10 -0.0033 0.0001 100.0 518.67 641.71 1591.24 1400.46
1 11 0.0018 -0.0003 100.0 518.67 642.28 1581.75 1400.64
1 12 0.0016 0.0002 100.0 518.67 642.06 1583.41 1400.15 
1 13 -0.0019 0.0004 100.0 518.67 643.07 1582.19 1400.83
1 14 0.0009 -0.0000 100.0 518.67 642.35 1592.95 1399.16
1 15 -0.0018 -0.0003 100.0 518.67 642.43 1583.82 1402.1
1 16 0.0006 0.0005 100.0 518.67 642.13 1587.98 1404.50 
1 17 0.0002 0.0002 100.0 518.67 642.58 1584.96 1399.95 
1 18 -0.0031 -0.0001 100.0 518.67 642.62 1591.04 1396.1
1 19 0.0032 -0.0003 100.0 518.67 641.79 1587.56 1400.35
1 20 -0.0037 0.0001 100.0 518.67 643.04 1581.11 1405.23
1 21 -0.0012 0.0001 100.0 518.67 642.37 1586.07 1398.13
1 22 0.0002 0.0000 100.0 518.67 642.77 1592.93 1400.57 
1 23 0.0034 -0.0003 100.0 518.67 642.14 1588.19 1394.75
1 24 -0.0010 0.0003 100.0 518.67 642.38 1590.83 1398.81
1 25 0.0023 -0.0004 100.0 518.67 642.77 1594.10 1399.39
1 26 0.0000 0.0002 100.0 518.67 642.16 1589.08 1396.07 
1 27 -0.0012 -0.0004 100.0 518.67 642.44 1590.47 1401.8
1 28 -0.0024 0.0005 100.0 518.67 642.35 1582.84 1399.13
1 29 0.0012 -0.0001 100.0 518.67 641.91 1584.83 1400.99
1 30 -0.0022 0.0000 100.0 518.67 642.20 1593.52 1396.08
1 31 0.0014 0.0005 100.0 518.67 642.02 1584.18 1396.90 
1 32 0.0005 -0.0003 100.0 518.67 642.33 1591.38 1400.36
1 33 -0.0042 -0.0004 100.0 518.67 642.71 1588.40 1402.4
1 34 0.0015 -0.0001 100.0 518.67 642.54 1581.47 1400.48
1 35 0.0003 0.0002 100.0 518.67 642.44 1590.00 1403.00 
1 36 -0.0004 -0.0002 100.0 518.67 642.54 1581.72 1405.5
1 37 -0.0004 -0.0000 100.0 518.67 641.99 1579.11 1398.9
1 38 -0.0018 -0.0002 100.0 518.67 641.93 1589.60 1399.5
1 39 -0.0030 -0.0001 100.0 518.67 642.01 1583.21 1400.6
1 40 -0.0000 -0.0004 100.0 518.67 642.24 1582.08 1401.7
1 41 0.0033 0.0004 100.0 518.67 642.40 1591.31 1403.21 
1 42 0.0005 -0.0004 100.0 518.67 642.12 1584.66 1401.38
1 43 -0.0027 0.0005 100.0 518.67 642.24 1591.52 1406.05
1 44 -0.0001 0.0002 100.0 518.67 641.93 1586.94 1401.20
1 45 -0.0013 -0.0000 100.0 518.67 642.53 1582.42 1399.1
1 46 0.0003 0.0001 100.0 518.67 642.43 1588.29 1401.27 
1 47 0.0000 0.0005 100.0 518.67 642.21 1580.32 1402.89 
1 48 0.0019 0.0001 100.0 518.67 641.89 1588.51 1399.16 
1 49 -0.0014 0.0005 100.0 518.67 642.23 1584.35 1397.76
1 50 -0.0032 -0.0001 100.0 518.67 642.77 1588.49 1403.6
1 51 -0.0010 0.0003 100.0 518.67 642.81 1585.54 1400.42
1 52 0.0018 -0.0001 100.0 518.67 642.76 1583.77 1395.57
1 53 0.0021 -0.0001 100.0 518.67 642.61 1579.82 1402.26
1 54 -0.0002 0.0005 100.0 518.67 642.42 1592.59 1401.20
1 55 0.0009 -0.0000 100.0 518.67 642.41 1584.95 1401.58
1 56 0.0007 -0.0002 100.0 518.67 642.49 1586.33 1400.76
1 57 -0.0033 0.0000 100.0 518.67 642.13 1583.67 1402.79
1 58 -0.0014 0.0001 100.0 518.67 641.90 1590.46 1397.99
1 59 -0.0006 0.0002 100.0 518.67 642.33 1596.72 1403.51
1 60 -0.0010 -0.0002 100.0 518.67 642.34 1582.75 1403.0
1 61 0.0004 0.0005 100.0 518.67 642.10 1583.55 1405.52 
1 62 0.0004 0.0001 100.0 518.67 642.17 1581.59 1399.54 
1 63 0.0015 0.0002 100.0 518.67 642.60 1592.14 1395.38 
1 64 0.0017 0.0002 100.0 518.67 642.23 1584.51 1400.11 
1 65 -0.0000 0.0005 100.0 518.67 642.28 1584.72 1403.24
1 66 -0.0007 -0.0004 100.0 518.67 642.50 1588.50 1399.5
1 67 0.0016 -0.0004 100.0 518.67 642.33 1590.22 1403.02
1 68 -0.0018 0.0000 100.0 518.67 642.51 1582.06 1404.42
1 69 -0.0022 0.0005 100.0 518.67 642.44 1590.70 1401.24
1 70 -0.0005 0.0002 100.0 518.67 642.22 1584.02 1402.78
1 71 0.0016 -0.0003 100.0 518.67 642.21 1580.41 1403.09
1 72 -0.0017 0.0001 100.0 518.67 642.41 1579.25 1406.81
1 73 -0.0012 -0.0002 100.0 518.67 642.29 1592.04 1397.9
1 74 0.0027 0.0001 100.0 518.67 642.96 1584.65 1401.48 
1 75 0.0009 -0.0004 100.0 518.67 641.96 1582.32 1394.82
1 76 -0.0015 0.0002 100.0 518.67 642.21 1589.21 1398.94
1 77 0.0022 0.0004 100.0 518.67 642.55 1586.30 1400.97 
1 78 0.0040 0.0002 100.0 518.67 641.99 1580.76 1404.10 
1 79 0.0022 -0.0002 100.0 518.67 642.12 1582.46 1403.93
1 80 -0.0002 -0.0004 100.0 518.67 641.94 1591.96 1393.5
1 81 -0.0018 -0.0004 100.0 518.67 642.73 1584.82 1402.0
1 82 -0.0012 0.0001 100.0 518.67 642.04 1589.07 1399.17
1 83 0.0004 0.0005 100.0 518.67 642.66 1588.05 1406.38 
1 84 0.0005 0.0002 100.0 518.67 642.64 1585.52 1406.60 
1 85 0.0025 0.0003 100.0 518.67 642.28 1590.12 1405.96 
1 86 -0.0012 0.0004 100.0 518.67 641.84 1588.80 1403.56
1 87 0.0000 -0.0004 100.0 518.67 642.33 1586.69 1413.10
1 88 0.0029 0.0003 100.0 518.67 641.96 1581.29 1406.09 
1 89 0.0008 -0.0001 100.0 518.67 642.24 1584.73 1402.22
1 90 0.0017 -0.0001 100.0 518.67 642.67 1584.38 1412.93
1 91 0.0025 -0.0004 100.0 518.67 641.98 1584.84 1404.76
1 92 0.0010 -0.0002 100.0 518.67 642.89 1590.03 1400.77
1 93 0.0032 0.0002 100.0 518.67 642.85 1593.74 1408.48 
1 94 -0.0021 0.0002 100.0 518.67 642.45 1583.27 1404.94
1 95 0.0019 0.0003 100.0 518.67 642.86 1577.60 1410.10 
1 96 -0.0034 0.0001 100.0 518.67 642.19 1584.07 1395.16
1 97 0.0035 -0.0003 100.0 518.67 642.07 1595.77 1407.81
1 98 0.0006 0.0004 100.0 518.67 642.00 1591.11 1404.56 
1 99 -0.0005 -0.0000 100.0 518.67 642.46 1592.73 1406.1
1 100 -0.0021 -0.0003 100.0 518.67 642.22 1589.63 1411.
1 101 0.0012 0.0003 100.0 518.67 642.75 1584.18 1403.41
1 102 0.0017 0.0005 100.0 518.67 642.85 1589.11 1403.42
1 103 -0.0013 0.0001 100.0 518.67 642.21 1581.27 1403.2
1 104 -0.0001 0.0001 100.0 518.67 642.29 1590.63 1406.2
1 105 0.0024 0.0004 100.0 518.67 642.01 1588.28 1403.22
1 106 0.0000 0.0001 100.0 518.67 642.68 1589.05 1404.45
1 107 -0.0012 -0.0001 100.0 518.67 642.53 1595.13 1407.
1 108 0.0008 0.0001 100.0 518.67 643.49 1585.91 1399.47
1 109 -0.0011 -0.0003 100.0 518.67 642.49 1586.45 1409.
1 110 -0.0000 0.0004 100.0 518.67 642.55 1590.01 1401.2
1 111 0.0008 0.0004 100.0 518.67 642.67 1584.38 1408.11
1 112 0.0005 0.0003 100.0 518.67 642.66 1586.46 1401.84
1 113 0.0007 0.0001 100.0 518.67 642.68 1590.85 1406.59
1 114 0.0003 0.0004 100.0 518.67 642.31 1588.42 1402.97
1 115 -0.0017 0.0005 100.0 518.67 642.66 1594.84 1406.6
1 116 -0.0020 -0.0003 100.0 518.67 642.64 1580.31 1401.
1 117 0.0005 0.0004 100.0 518.67 642.38 1589.77 1409.35
1 118 -0.0006 -0.0004 100.0 518.67 642.34 1585.67 1409.
1 119 0.0013 0.0005 100.0 518.67 642.67 1596.80 1404.46
1 120 -0.0024 0.0005 100.0 518.67 642.81 1593.78 1407.6
1 121 -0.0033 0.0004 100.0 518.67 642.63 1593.56 1411.9
1 122 0.0026 -0.0001 100.0 518.67 643.30 1593.68 1413.9
1 123 0.0016 -0.0002 100.0 518.67 643.39 1586.66 1403.0
1 124 0.0025 0.0002 100.0 518.67 642.48 1587.14 1402.28
1 125 -0.0004 0.0005 100.0 518.67 642.96 1585.47 1406.4
1 126 0.0016 0.0001 100.0 518.67 642.49 1582.64 1418.50
1 127 -0.0010 0.0002 100.0 518.67 642.99 1586.90 1399.4
1 128 -0.0006 0.0003 100.0 518.67 642.47 1593.87 1407.0
1 129 -0.0033 0.0003 100.0 518.67 642.41 1591.33 1408.4
1 130 -0.0007 0.0002 100.0 518.67 642.70 1585.90 1412.2
1 131 0.0002 -0.0001 100.0 518.67 643.01 1585.78 1413.2
1 132 0.0032 -0.0001 100.0 518.67 643.19 1596.06 1405.7
1 133 0.0032 -0.0002 100.0 518.67 642.45 1592.64 1410.1
1 134 -0.0014 0.0000 100.0 518.67 642.85 1583.62 1402.6
1 135 -0.0017 0.0001 100.0 518.67 642.45 1585.55 1406.8
1 136 0.0030 -0.0001 100.0 518.67 642.84 1584.72 1404.3
1 137 -0.0011 0.0000 100.0 518.67 642.43 1594.69 1405.1
1 138 -0.0011 0.0001 100.0 518.67 642.79 1589.82 1413.3
1 139 -0.0014 0.0005 100.0 518.67 643.11 1592.28 1412.6
1 140 -0.0006 -0.0001 100.0 518.67 643.05 1590.89 1408.
1 141 -0.0023 0.0005 100.0 518.67 642.39 1590.02 1415.2
1 142 0.0026 0.0002 100.0 518.67 642.51 1595.29 1413.42
1 143 -0.0005 -0.0003 100.0 518.67 642.77 1593.10 1404.
1 144 0.0025 -0.0004 100.0 518.67 643.09 1591.89 1405.7
1 145 -0.0004 -0.0001 100.0 518.67 642.95 1594.92 1409.
1 146 0.0002 -0.0003 100.0 518.67 642.72 1586.75 1408.8
1 147 0.0047 0.0001 100.0 518.67 642.25 1594.85 1409.96
1 148 0.0010 -0.0004 100.0 518.67 643.02 1590.03 1411.8
1 149 0.0025 0.0004 100.0 518.67 642.90 1592.78 1410.70
1 150 0.0010 -0.0003 100.0 518.67 643.06 1589.01 1409.2
1 151 -0.0019 -0.0001 100.0 518.67 642.82 1592.39 1411.
1 152 0.0009 -0.0001 100.0 518.67 642.67 1598.60 1420.8
1 153 0.0011 -0.0004 100.0 518.67 642.99 1589.17 1414.5
1 154 -0.0012 0.0000 100.0 518.67 642.81 1597.03 1416.0
1 155 -0.0033 0.0002 100.0 518.67 642.83 1590.40 1414.8
1 156 -0.0020 0.0003 100.0 518.67 643.04 1585.61 1421.2
1 157 -0.0018 0.0002 100.0 518.67 642.20 1598.04 1412.4
1 158 -0.0023 0.0001 100.0 518.67 642.88 1596.82 1410.0
1 159 -0.0006 0.0001 100.0 518.67 642.89 1589.54 1420.3
1 160 -0.0006 -0.0004 100.0 518.67 643.45 1590.65 1418.
1 161 0.0008 0.0001 100.0 518.67 643.00 1594.20 1417.31
1 162 -0.0005 0.0004 100.0 518.67 643.15 1592.22 1423.4
1 163 0.0003 -0.0004 100.0 518.67 642.85 1600.54 1421.0
1 164 0.0005 -0.0002 100.0 518.67 643.17 1598.96 1416.7
1 165 0.0010 0.0004 100.0 518.67 642.76 1597.03 1408.09
1 166 -0.0022 -0.0003 100.0 518.67 643.34 1596.72 1422.
1 167 0.0012 0.0003 100.0 518.67 643.02 1593.83 1414.72
1 168 -0.0043 0.0002 100.0 518.67 642.68 1591.19 1415.7
1 169 -0.0017 0.0004 100.0 518.67 643.20 1590.16 1418.0
1 170 -0.0017 -0.0002 100.0 518.67 642.92 1592.71 1417.
1 171 0.0004 -0.0003 100.0 518.67 643.26 1592.06 1414.9
1 172 -0.0014 -0.0003 100.0 518.67 643.33 1591.71 1413.
1 173 -0.0032 0.0002 100.0 518.67 642.97 1590.69 1425.2
1 174 -0.0001 -0.0002 100.0 518.67 642.64 1599.81 1422.
1 175 0.0001 0.0002 100.0 518.67 643.61 1603.29 1422.52
1 176 -0.0020 -0.0003 100.0 518.67 642.86 1592.27 1422.
1 177 -0.0038 -0.0003 100.0 518.67 643.79 1602.02 1423.
1 178 -0.0001 0.0002 100.0 518.67 643.38 1605.33 1424.6
1 179 0.0023 -0.0003 100.0 518.67 642.86 1592.56 1429.4
1 180 -0.0024 0.0000 100.0 518.67 643.58 1599.87 1417.1
1 181 -0.0006 0.0005 100.0 518.67 643.44 1596.71 1420.6
1 182 -0.0010 0.0003 100.0 518.67 644.21 1602.08 1426.6
1 183 0.0001 0.0001 100.0 518.67 643.24 1597.23 1419.03
1 184 0.0004 0.0003 100.0 518.67 644.07 1605.44 1432.52
1 185 0.0008 0.0001 100.0 518.67 643.80 1603.46 1424.40
1 186 0.0027 -0.0003 100.0 518.67 643.51 1595.16 1426.3
1 187 -0.0047 -0.0000 100.0 518.67 643.32 1592.10 1427.
1 188 -0.0067 0.0003 100.0 518.67 643.75 1602.38 1422.7
1 189 -0.0006 0.0002 100.0 518.67 644.18 1596.17 1428.0
1 190 -0.0027 0.0001 100.0 518.67 643.64 1599.22 1425.9
1 191 -0.0000 -0.0004 100.0 518.67 643.34 1602.36 1425.
1 192 0.0009 -0.0000 100.0 518.67 643.54 1601.41 1427.2
2 1 -0.0018 0.0006 100.0 518.67 641.89 1583.84 1391.28 
2 2 0.0043 -0.0003 100.0 518.67 641.82 1587.05 1393.13 
2 3 0.0018 0.0003 100.0 518.67 641.55 1588.32 1398.96 1
2 4 0.0035 -0.0004 100.0 518.67 641.68 1584.15 1396.08 
2 5 0.0005 0.0004 100.0 518.67 641.73 1579.03 1402.52 1
2 6 -0.0010 0.0004 100.0 518.67 641.30 1577.50 1396.76 
2 7 0.0001 -0.0002 100.0 518.67 642.03 1587.49 1400.65 
2 8 0.0015 -0.0004 100.0 518.67 642.55 1590.41 1395.39 
2 9 0.0017 -0.0004 100.0 518.67 641.98 1581.99 1395.01 
2 10 -0.0045 0.0002 100.0 518.67 641.99 1586.37 1394.86
2 11 0.0006 0.0004 100.0 518.67 642.26 1589.21 1401.29 
2 12 0.0002 0.0006 100.0 518.67 641.64 1579.99 1401.90 
2 13 0.0007 0.0005 100.0 518.67 641.78 1586.77 1401.53 
2 14 -0.0024 -0.0004 100.0 518.67 641.66 1584.04 1395.4
2 15 -0.0012 -0.0003 100.0 518.67 642.21 1579.84 1402.1
2 16 -0.0010 0.0003 100.0 518.67 641.81 1581.99 1393.46
2 17 0.0003 -0.0001 100.0 518.67 642.43 1583.58 1390.27
2 18 0.0014 0.0001 100.0 518.67 641.95 1588.43 1400.25 
2 19 0.0025 0.0001 100.0 518.67 641.75 1576.84 1401.77 
2 20 0.0042 -0.0004 100.0 518.67 642.34 1582.94 1394.38
2 21 -0.0023 0.0001 100.0 518.67 642.05 1579.51 1392.28
2 22 0.0024 0.0006 100.0 518.67 642.16 1580.18 1397.67 
2 23 -0.0013 0.0003 100.0 518.67 642.37 1580.89 1387.50
2 24 -0.0019 -0.0000 100.0 518.67 641.99 1580.97 1398.6
2 25 0.0063 0.0001 100.0 518.67 641.81 1585.38 1396.62 
2 26 -0.0011 0.0003 100.0 518.67 641.87 1575.38 1392.30
2 27 0.0006 0.0005 100.0 518.67 642.12 1585.44 1402.31 
2 28 0.0037 0.0005 100.0 518.67 642.04 1581.60 1397.45 
2 29 -0.0032 -0.0003 100.0 518.67 642.08 1583.78 1398.0
2 30 0.0012 0.0000 100.0 518.67 641.78 1590.32 1395.07 
2 31 -0.0009 0.0005 100.0 518.67 641.97 1579.86 1390.94
2 32 0.0013 -0.0001 100.0 518.67 641.58 1584.52 1391.11
2 33 -0.0032 0.0004 100.0 518.67 641.79 1585.17 1396.15
2 34 0.0042 0.0003 100.0 518.67 642.12 1584.08 1394.24 
2 35 0.0020 0.0002 100.0 518.67 641.37 1575.73 1392.55 
2 36 0.0013 0.0004 100.0 518.67 641.27 1581.56 1397.13 
2 37 0.0050 0.0005 100.0 518.67 642.10 1585.63 1396.29 
2 38 0.0013 0.0005 100.0 518.67 642.22 1585.15 1397.75 
2 39 -0.0018 0.0005 100.0 518.67 642.00 1585.69 1391.49
2 40 0.0005 0.0005 100.0 518.67 642.02 1582.69 1398.38 
2 41 0.0015 0.0006 100.0 518.67 642.41 1578.97 1398.74 
2 42 0.0016 0.0005 100.0 518.67 642.27 1579.21 1392.13 
2 43 0.0027 0.0000 100.0 518.67 642.02 1580.59 1391.60 
2 44 0.0003 0.0003 100.0 518.67 642.01 1584.33 1398.69 
2 45 -0.0014 -0.0002 100.0 518.67 642.05 1586.41 1397.6
2 46 0.0002 -0.0003 100.0 518.67 642.15 1575.45 1392.60
2 47 0.0021 0.0003 100.0 518.67 642.40 1583.85 1396.46 
2 48 0.0006 -0.0001 100.0 518.67 642.09 1586.71 1397.95
2 49 -0.0006 0.0005 100.0 518.67 642.85 1583.86 1396.50
2 50 -0.0002 -0.0004 100.0 518.67 642.02 1577.86 1399.7
2 51 0.0008 0.0003 100.0 518.67 642.03 1585.34 1393.06 
2 52 -0.0010 -0.0001 100.0 518.67 641.52 1588.48 1401.6
2 53 -0.0023 -0.0001 100.0 518.67 642.00 1584.90 1397.0
2 54 0.0004 -0.0003 100.0 518.67 641.58 1583.46 1405.33
2 55 -0.0035 -0.0004 100.0 518.67 642.33 1585.59 1387.1
2 56 -0.0035 0.0002 100.0 518.67 641.84 1587.04 1388.97
2 57 -0.0003 -0.0001 100.0 518.67 642.50 1584.13 1389.6
2 58 -0.0000 -0.0002 100.0 518.67 642.30 1582.93 1389.9
2 59 0.0032 -0.0000 100.0 518.67 642.48 1584.24 1397.95
2 60 0.0014 -0.0002 100.0 518.67 642.09 1584.57 1396.84
2 61 -0.0044 0.0001 100.0 518.67 642.41 1585.45 1399.71
2 62 -0.0017 -0.0001 100.0 518.67 641.81 1577.87 1401.6
2 63 -0.0014 0.0005 100.0 518.67 641.91 1575.83 1395.05
2 64 -0.0000 0.0001 100.0 518.67 641.66 1581.65 1401.46
2 65 0.0008 0.0000 100.0 518.67 641.70 1582.59 1395.40 
2 66 0.0005 -0.0002 100.0 518.67 642.26 1584.60 1394.01
2 67 -0.0036 -0.0001 100.0 518.67 642.17 1587.63 1395.4
2 68 0.0008 0.0001 100.0 518.67 642.50 1577.16 1399.27 
2 69 -0.0004 0.0000 100.0 518.67 642.73 1586.47 1399.73
2 70 0.0005 -0.0002 100.0 518.67 641.76 1593.24 1397.30
2 71 -0.0004 0.0002 100.0 518.67 642.39 1586.68 1403.09
2 72 -0.0007 -0.0001 100.0 518.67 642.48 1583.11 1393.8
2 73 -0.0004 -0.0001 100.0 518.67 641.73 1586.57 1400.9
2 74 -0.0013 0.0001 100.0 518.67 642.39 1584.04 1396.13
2 75 0.0025 0.0004 100.0 518.67 641.64 1578.27 1390.64 
2 76 -0.0037 0.0001 100.0 518.67 642.01 1586.91 1399.66
2 77 0.0003 0.0000 100.0 518.67 641.97 1588.54 1395.38 
2 78 0.0004 -0.0001 100.0 518.67 642.44 1587.20 1394.24
2 79 0.0021 0.0004 100.0 518.67 641.62 1585.59 1398.51 
2 80 0.0027 -0.0000 100.0 518.67 641.37 1588.33 1394.00
2 81 0.0006 -0.0001 100.0 518.67 641.72 1578.31 1390.12
2 82 0.0035 -0.0001 100.0 518.67 641.86 1587.24 1402.78
2 83 0.0000 -0.0004 100.0 518.67 641.73 1585.18 1398.81
2 84 -0.0037 -0.0004 100.0 518.67 642.41 1586.46 1402.2
2 85 0.0002 0.0004 100.0 518.67 641.73 1588.31 1398.33 
2 86 0.0004 -0.0000 100.0 518.67 641.85 1579.31 1399.12
2 87 0.0019 -0.0002 100.0 518.67 642.36 1582.64 1399.51
2 88 0.0007 -0.0002 100.0 518.67 642.23 1587.88 1398.17
2 89 0.0017 0.0005 100.0 518.67 641.95 1584.62 1394.07 
2 90 0.0019 -0.0003 100.0 518.67 642.06 1580.77 1405.34
2 91 -0.0007 -0.0002 100.0 518.67 642.09 1583.57 1399.4
2 92 -0.0006 0.0005 100.0 518.67 642.36 1584.87 1399.17
2 93 0.0019 -0.0004 100.0 518.67 642.21 1591.68 1392.48
2 94 0.0000 0.0005 100.0 518.67 642.10 1585.62 1395.39 
2 95 -0.0022 0.0002 100.0 518.67 642.56 1579.26 1402.79
2 96 -0.0026 0.0006 100.0 518.67 642.42 1576.94 1399.59
2 97 0.0008 0.0001 100.0 518.67 642.04 1586.12 1400.50 
2 98 -0.0001 0.0003 100.0 518.67 641.73 1587.84 1401.08
2 99 -0.0034 -0.0004 100.0 518.67 642.04 1585.48 1400.9
2 100 0.0076 -0.0001 100.0 518.67 642.04 1586.01 1402.7
2 101 0.0031 -0.0000 100.0 518.67 641.96 1582.66 1397.8
2 102 0.0016 0.0001 100.0 518.67 642.44 1590.24 1407.05
2 103 -0.0022 0.0002 100.0 518.67 642.05 1587.75 1392.1
2 104 -0.0034 0.0002 100.0 518.67 642.41 1582.04 1397.3
2 105 -0.0050 0.0004 100.0 518.67 641.94 1585.65 1397.4
2 106 0.0002 -0.0004 100.0 518.67 641.87 1584.61 1402.6
2 107 0.0011 -0.0001 100.0 518.67 642.52 1581.70 1402.9
2 108 0.0014 0.0004 100.0 518.67 642.24 1578.45 1396.25
2 109 0.0014 0.0000 100.0 518.67 642.12 1590.41 1392.90
2 110 -0.0013 -0.0002 100.0 518.67 642.29 1583.30 1398.
2 111 0.0039 0.0000 100.0 518.67 642.24 1576.85 1393.76
2 112 -0.0023 -0.0002 100.0 518.67 642.49 1588.35 1397.
2 113 -0.0030 0.0000 100.0 518.67 641.95 1584.21 1404.7
2 114 -0.0005 -0.0002 100.0 518.67 642.13 1576.56 1397.
2 115 -0.0041 -0.0001 100.0 518.67 642.16 1583.27 1401.
2 116 -0.0010 0.0004 100.0 518.67 642.38 1577.87 1398.3
2 117 -0.0031 -0.0000 100.0 518.67 641.97 1583.84 1395.
2 118 -0.0013 0.0004 100.0 518.67 641.95 1580.49 1400.9
2 119 0.0000 -0.0002 100.0 518.67 642.67 1585.06 1401.8
2 120 -0.0001 0.0004 100.0 518.67 642.01 1589.61 1394.3
2 121 0.0027 0.0003 100.0 518.67 642.04 1580.19 1391.52
2 122 0.0011 0.0003 100.0 518.67 642.08 1585.52 1405.27
2 123 -0.0010 -0.0004 100.0 518.67 642.11 1588.59 1403.
2 124 -0.0002 0.0004 100.0 518.67 642.37 1583.12 1399.2
2 125 -0.0015 0.0001 100.0 518.67 642.71 1586.32 1397.9
2 126 0.0006 0.0005 100.0 518.67 642.07 1587.45 1403.41
2 127 -0.0002 -0.0004 100.0 518.67 642.26 1586.65 1400.
2 128 -0.0008 0.0000 100.0 518.67 641.54 1592.20 1397.3
2 129 0.0007 0.0004 100.0 518.67 641.66 1590.59 1400.25
2 130 0.0035 -0.0003 100.0 518.67 642.06 1584.83 1409.9
2 131 -0.0001 0.0001 100.0 518.67 641.96 1587.61 1394.2
2 132 0.0002 0.0006 100.0 518.67 642.01 1586.66 1398.78
2 133 -0.0016 -0.0004 100.0 518.67 642.84 1581.22 1393.
2 134 0.0026 0.0001 100.0 518.67 642.76 1586.44 1406.20
2 135 0.0009 -0.0002 100.0 518.67 642.02 1580.12 1404.5
2 136 0.0010 -0.0003 100.0 518.67 642.06 1582.91 1402.6
2 137 0.0044 -0.0004 100.0 518.67 642.46 1585.36 1406.7
2 138 0.0012 0.0004 100.0 518.67 642.34 1585.19 1398.95
2 139 -0.0003 0.0005 100.0 518.67 642.63 1590.88 1400.8
2 140 0.0014 -0.0001 100.0 518.67 642.29 1593.70 1403.1
2 141 0.0019 0.0003 100.0 518.67 642.07 1585.09 1403.25
2 142 -0.0007 0.0004 100.0 518.67 641.91 1586.41 1401.2
2 143 0.0001 0.0004 100.0 518.67 642.31 1588.88 1400.49
2 144 -0.0005 0.0002 100.0 518.67 642.02 1584.35 1401.2
2 145 -0.0021 0.0001 100.0 518.67 642.01 1582.72 1403.5
2 146 0.0043 -0.0001 100.0 518.67 642.52 1590.06 1405.0
2 147 0.0004 -0.0001 100.0 518.67 642.27 1588.78 1394.5
2 148 0.0018 0.0004 100.0 518.67 642.65 1584.50 1398.30
2 149 -0.0020 -0.0003 100.0 518.67 642.03 1587.88 1404.
2 150 -0.0021 0.0004 100.0 518.67 642.62 1585.43 1393.7
2 151 0.0051 -0.0004 100.0 518.67 642.54 1590.21 1398.3
2 152 -0.0004 0.0003 100.0 518.67 642.38 1583.49 1400.9
2 153 0.0043 0.0002 100.0 518.67 641.96 1594.33 1397.52
2 154 0.0012 0.0001 100.0 518.67 642.34 1591.30 1413.28
2 155 -0.0022 -0.0003 100.0 518.67 642.17 1580.93 1397.
2 156 -0.0045 0.0004 100.0 518.67 642.15 1578.73 1399.1
2 157 -0.0014 -0.0004 100.0 518.67 642.04 1588.70 1400.
2 158 0.0014 0.0001 100.0 518.67 641.99 1586.95 1404.68
2 159 -0.0018 -0.0003 100.0 518.67 641.81 1593.89 1399.
2 160 0.0033 -0.0003 100.0 518.67 642.53 1585.65 1409.7
2 161 -0.0031 0.0003 100.0 518.67 642.08 1586.65 1396.3
2 162 0.0028 0.0003 100.0 518.67 641.71 1588.83 1401.23
2 163 0.0007 0.0004 100.0 518.67 642.88 1589.56 1396.20
2 164 0.0043 0.0003 100.0 518.67 642.82 1588.23 1405.50
2 165 -0.0043 0.0004 100.0 518.67 642.17 1588.55 1402.9
2 166 -0.0068 0.0002 100.0 518.67 641.79 1589.09 1394.2
2 167 0.0005 -0.0001 100.0 518.67 642.25 1588.74 1395.3
2 168 -0.0026 -0.0003 100.0 518.67 642.55 1593.95 1404.
2 169 -0.0004 0.0003 100.0 518.67 642.26 1581.85 1406.0
2 170 0.0025 0.0004 100.0 518.67 642.14 1577.26 1405.93
2 171 0.0012 0.0005 100.0 518.67 642.21 1587.94 1410.34
2 172 -0.0041 0.0004 100.0 518.67 642.07 1589.42 1398.2
2 173 0.0003 -0.0002 100.0 518.67 642.66 1589.00 1403.2
2 174 -0.0009 -0.0003 100.0 518.67 642.34 1588.01 1403.
2 175 -0.0005 0.0005 100.0 518.67 642.46 1584.58 1398.3